6.300000000000000000e+02
6.300000000000000000e+02
2.300000000000000000e+02
3.600000000000000000e+02
1.800000000000000000e+02
3.600000000000000000e+02
1.600000000000000000e+02
3.300000000000000000e+02
3.800000000000000000e+02
1.080000000000000000e+03
5.300000000000000000e+02
6.800000000000000000e+02
3.800000000000000000e+02
2.100000000000000000e+02
3.100000000000000000e+02
4.300000000000000000e+02
2.400000000000000000e+02
3.300000000000000000e+02
1.600000000000000000e+02
1.600000000000000000e+02
3.800000000000000000e+02
2.600000000000000000e+02
8.300000000000000000e+02
3.600000000000000000e+02
1.600000000000000000e+02
7.800000000000000000e+02
2.300000000000000000e+02
2.100000000000000000e+02
3.800000000000000000e+02
3.800000000000000000e+02
3.300000000000000000e+02
3.300000000000000000e+02
2.600000000000000000e+02
2.300000000000000000e+02
2.600000000000000000e+02
2.100000000000000000e+02
5.800000000000000000e+02
1.800000000000000000e+02
4.600000000000000000e+02
2.800000000000000000e+02
3.100000000000000000e+02
3.200000000000000000e+02
9.300000000000000000e+02
8.300000000000000000e+02
1.800000000000000000e+02
4.100000000000000000e+02
1.800000000000000000e+02
3.800000000000000000e+02
3.300000000000000000e+02
6.800000000000000000e+02
3.100000000000000000e+02
2.100000000000000000e+02
4.300000000000000000e+02
4.800000000000000000e+02
5.800000000000000000e+02
3.800000000000000000e+02
1.600000000000000000e+02
4.100000000000000000e+02
2.800000000000000000e+02
3.100000000000000000e+02
3.600000000000000000e+02
5.100000000000000000e+02
3.900000000000000000e+02
2.300000000000000000e+02
3.300000000000000000e+02
3.600000000000000000e+02
9.300000000000000000e+02
3.100000000000000000e+02
2.300000000000000000e+02
1.300000000000000000e+02
3.900000000000000000e+02
5.300000000000000000e+02
2.100000000000000000e+02
3.100000000000000000e+02
3.600000000000000000e+02
8.300000000000000000e+02
3.300000000000000000e+02
1.300000000000000000e+02
2.600000000000000000e+02
3.300000000000000000e+02
3.600000000000000000e+02
1.600000000000000000e+02
3.800000000000000000e+02
2.100000000000000000e+02
3.100000000000000000e+02
2.600000000000000000e+02
2.800000000000000000e+02
1.800000000000000000e+02
3.800000000000000000e+02
2.100000000000000000e+02
3.600000000000000000e+02
2.600000000000000000e+02
2.100000000000000000e+02
2.600000000000000000e+02
4.300000000000000000e+02
4.300000000000000000e+02
2.800000000000000000e+02
1.400000000000000000e+02
3.100000000000000000e+02
2.800000000000000000e+02
